[gd_scene load_steps=8 format=2]

[ext_resource path="res://scenes/Elf.tscn" type="PackedScene" id=1]
[ext_resource path="res://scenes/CameraMovement.gd" type="Script" id=2]
[ext_resource path="res://scenes/RayCast.gd" type="Script" id=3]
[ext_resource path="res://scenes/Helper.gd" type="Script" id=4]

[sub_resource type="BoxShape" id=1]
extents = Vector3( 30, 0.5, 30 )

[sub_resource type="NavigationMesh" id=3]
vertices = PoolVector3Array( -22.25, 1, -29.5, -29.5, 1, -29.5, -29.5, 1, -22.25, -29.5, 1, 22, -29.5, 1, 29.5, -22.25, 1, 29.5, 29.5, 1, -22.25, 29.5, 1, -29.5, 22, 1, -29.5, 22, 1, 29.5, 29.5, 1, 29.5, 29.5, 1, 22, -29.5, 1, 14.75, -29.5, 1, 22, -22.25, 1, 29.5, -14.75, 1, 29.5, 29.5, 1, -22.25, 22, 1, -29.5, 14.75, 1, -29.5, 29.5, 1, -14.75, -14.75, 1, -29.5, -22.25, 1, -29.5, -29.5, 1, -22.25, -29.5, 1, -14.75, 14.75, 1, 29.5, 22, 1, 29.5, 29.5, 1, 22, 7.25, 1, 29.5, 29.5, 1, 14.75, 29.5, 1, 7.25, 0, 1, 29.5, 14.75, 1, 29.5, 29.5, 1, 22, 29.5, 1, 14.75, 7.25, 1, 29.5, 0, 1, -29.5, -7.5, 1, -29.5, -29.5, 1, -7.5, -29.5, 1, 0, 29.5, 1, 0, 0, 1, -29.5, -29.5, 1, 0, -7.5, 1, 29.5, 0, 1, 29.5, 29.5, 1, 7.25, -29.5, 1, 14.75, -14.75, 1, 29.5, -7.5, 1, 29.5, -29.5, 1, 7.25, 29.5, 1, -7.5, 29.5, 1, -14.75, 14.75, 1, -29.5, 7.25, 1, -29.5, -7.5, 1, -29.5, -14.75, 1, -29.5, -29.5, 1, -14.75, -29.5, 1, -7.5, -29.5, 1, 0, -29.5, 1, 7.25, -7.5, 1, 29.5, 29.5, 1, -7.5, 7.25, 1, -29.5, 0, 1, -29.5, 29.5, 1, 0 )
polygons = [ PoolIntArray( 2, 1, 0 ), PoolIntArray( 5, 4, 3 ), PoolIntArray( 8, 7, 6 ), PoolIntArray( 11, 10, 9 ), PoolIntArray( 13, 12, 14 ), PoolIntArray( 14, 12, 15 ), PoolIntArray( 17, 16, 18 ), PoolIntArray( 18, 16, 19 ), PoolIntArray( 21, 20, 22 ), PoolIntArray( 22, 20, 23 ), PoolIntArray( 26, 25, 24 ), PoolIntArray( 28, 27, 29 ), PoolIntArray( 29, 27, 30 ), PoolIntArray( 32, 31, 33 ), PoolIntArray( 33, 31, 34 ), PoolIntArray( 36, 35, 37 ), PoolIntArray( 37, 35, 38 ), PoolIntArray( 44, 43, 39 ), PoolIntArray( 39, 43, 42 ), PoolIntArray( 39, 42, 41 ), PoolIntArray( 39, 41, 40 ), PoolIntArray( 46, 45, 47 ), PoolIntArray( 47, 45, 48 ), PoolIntArray( 50, 49, 51 ), PoolIntArray( 51, 49, 52 ), PoolIntArray( 54, 53, 55 ), PoolIntArray( 55, 53, 56 ), PoolIntArray( 59, 58, 57 ), PoolIntArray( 61, 60, 62 ), PoolIntArray( 62, 60, 63 ) ]

[sub_resource type="CubeMesh" id=2]
size = Vector3( 60, 1, 60 )

[node name="Main" type="Node"]

[node name="Ground" type="StaticBody" parent="."]

[node name="CollisionShape" type="CollisionShape" parent="Ground"]
shape = SubResource( 1 )

[node name="NavigationMeshInstance" type="NavigationMeshInstance" parent="Ground"]
navmesh = SubResource( 3 )

[node name="MeshInstance" type="MeshInstance" parent="Ground/NavigationMeshInstance"]
mesh = SubResource( 2 )
skeleton = NodePath("../../CollisionShape")

[node name="DirectionalLight" type="DirectionalLight" parent="."]
transform = Transform( 1, 0, 0, 0, 1, 0, 0, 0, 1, 0, 17.494, 0 )
shadow_enabled = true

[node name="Camera" type="Camera" parent="."]
unique_name_in_owner = true
transform = Transform( -4.37114e-08, 0.707107, -0.707107, 0, 0.707107, 0.707107, 1, 3.09086e-08, -3.09086e-08, -22.1004, 18.8936, 0 )
projection = 1
size = 40.0
script = ExtResource( 2 )

[node name="RayCast" type="RayCast" parent="Camera"]
transform = Transform( -4.37114e-08, 0, 1, 0.707107, 0.707107, 3.09086e-08, -0.707107, 0.707107, -3.09086e-08, 0, 0, 0 )
enabled = true
cast_to = Vector3( 100, -1, 0 )
debug_shape_custom_color = Color( 0.803922, 0.0862745, 0.0862745, 1 )
debug_shape_thickness = 5
script = ExtResource( 3 )

[node name="Helper" type="ImmediateGeometry" parent="Camera/RayCast"]
transform = Transform( -4.37114e-08, 0.707107, -0.707107, 0, 0.707107, 0.707107, 1, 3.09086e-08, -3.09086e-08, 0, 0, 0 )
script = ExtResource( 4 )

[node name="Player" parent="." instance=ExtResource( 1 )]
transform = Transform( 1, 0, 0, 0, 1, 0, 0, 0, 1, 0, 2.96815, 0 )
